OpenMP Basic Matrix Multiplication
PAPI_L1_DCM = 291472524
PAPI_L1_ICM = 12126
PAPI_L1_TCM = 291484650
PAPI_L2_TCM = 27301601
PAPI_L3_TCM = 8169647
PAPI_TOT_INS = 2009167094
MFLOP/s = 1.25875e+08
Time (seconds) = 5.17238
