OpenMP Basic Matrix Multiplication
PAPI_L1_DCM = 291701075
PAPI_L1_ICM = 9845
PAPI_L1_TCM = 291710920
PAPI_L2_TCM = 24128881
PAPI_L3_TCM = 7261603
PAPI_TOT_INS = 2007119368
MFLOP/s = 1.22842e+08
Time (seconds) = 5.21438
