OpenMP Basic Matrix Multiplication
PAPI_L1_DCM = 24442310
PAPI_L1_ICM = 2099
PAPI_L1_TCM = 24444409
PAPI_L2_TCM = 1563693
PAPI_L3_TCM = 16716
PAPI_TOT_INS = 255487186
MFLOP/s = 2.32895e+09
Time (seconds) = 0.121005
