OpenMP Basic Matrix Multiplication
PAPI_L1_DCM = 32313150
PAPI_L1_ICM = 2127
PAPI_L1_TCM = 32315277
PAPI_L2_TCM = 1744898
PAPI_L3_TCM = 10599
PAPI_TOT_INS = 253822972
MFLOP/s = 2.30726e+09
Time (seconds) = 0.119126
