OpenMP Line Matrix Multiplication
PAPI_L1_DCM = 13337718
PAPI_L1_ICM = 5628
PAPI_L1_TCM = 13343346
PAPI_L2_TCM = 3507224
PAPI_L3_TCM = 596737
PAPI_TOT_INS = 522344610
MFLOP/s = 1.98298e+09
Time (seconds) = 0.329997
