OpenMP Line Matrix Multiplication
PAPI_L1_DCM = 8939562
PAPI_L1_ICM = 3832
PAPI_L1_TCM = 8943394
PAPI_L2_TCM = 2066983
PAPI_L3_TCM = 235062
PAPI_TOT_INS = 524702473
MFLOP/s = 2.03145e+09
Time (seconds) = 0.323074
