OpenMP Line Matrix Multiplication
PAPI_L1_DCM = 12979200
PAPI_L1_ICM = 9739
PAPI_L1_TCM = 12988939
PAPI_L2_TCM = 3579480
PAPI_L3_TCM = 528179
PAPI_TOT_INS = 523652139
MFLOP/s = 2.01346e+09
Time (seconds) = 0.305087
