OpenMP Line Matrix Multiplication
PAPI_L1_DCM = 47770836
PAPI_L1_ICM = 10727
PAPI_L1_TCM = 47781563
PAPI_L2_TCM = 16800773
PAPI_L3_TCM = 3295872
PAPI_TOT_INS = 1735681536
MFLOP/s = 1.00741e+09
Time (seconds) = 0.978687
