OpenMP Line Matrix Multiplication
PAPI_L1_DCM = 48923660
PAPI_L1_ICM = 10675
PAPI_L1_TCM = 48934335
PAPI_L2_TCM = 17832778
PAPI_L3_TCM = 2853507
PAPI_TOT_INS = 1735673873
MFLOP/s = 8.53579e+08
Time (seconds) = 1.09125
