OpenMP Line Matrix Multiplication
PAPI_L1_DCM = 135132398
PAPI_L1_ICM = 28978
PAPI_L1_TCM = 135161376
PAPI_L2_TCM = 53923830
PAPI_L3_TCM = 8984273
PAPI_TOT_INS = 4086050070
MFLOP/s = 6.31361e+08
Time (seconds) = 2.07545
