OpenMP Line Matrix Multiplication
PAPI_L1_DCM = 142990864
PAPI_L1_ICM = 27400
PAPI_L1_TCM = 143018264
PAPI_L2_TCM = 59954095
PAPI_L3_TCM = 9765203
PAPI_TOT_INS = 4083968158
MFLOP/s = 5.93235e+08
Time (seconds) = 2.07831
