OpenMP Line Matrix Multiplication
PAPI_L1_DCM = 132402421
PAPI_L1_ICM = 31169
PAPI_L1_TCM = 132433590
PAPI_L2_TCM = 51727097
PAPI_L3_TCM = 9500255
PAPI_TOT_INS = 4082146716
MFLOP/s = 5.53595e+08
Time (seconds) = 2.27718
