OpenMP Line Matrix Multiplication
PAPI_L1_DCM = 414932864
PAPI_L1_ICM = 66103
PAPI_L1_TCM = 414998967
PAPI_L2_TCM = 134006042
PAPI_L3_TCM = 21605329
PAPI_TOT_INS = 7944379691
MFLOP/s = 3.78689e+08
Time (seconds) = 4.10585
