OpenMP Line Matrix Multiplication
PAPI_L1_DCM = 417896975
PAPI_L1_ICM = 55093
PAPI_L1_TCM = 417952068
PAPI_L2_TCM = 127912437
PAPI_L3_TCM = 19179155
PAPI_TOT_INS = 7944562239
MFLOP/s = 4.15558e+08
Time (seconds) = 4.06017
