OpenMP Line Matrix Multiplication
PAPI_L1_DCM = 402703840
PAPI_L1_ICM = 66067
PAPI_L1_TCM = 402769907
PAPI_L2_TCM = 119232887
PAPI_L3_TCM = 17993586
PAPI_TOT_INS = 7942462619
MFLOP/s = 3.08982e+08
Time (seconds) = 5.26702
