OpenMP Line Matrix Multiplication
PAPI_L1_DCM = 706317539
PAPI_L1_ICM = 108879
PAPI_L1_TCM = 706426418
PAPI_L2_TCM = 213473095
PAPI_L3_TCM = 36401801
PAPI_TOT_INS = 13688286919
MFLOP/s = 2.51557e+08
Time (seconds) = 7.46739
