OpenMP Line Matrix Multiplication
PAPI_L1_DCM = 693219668
PAPI_L1_ICM = 108028
PAPI_L1_TCM = 693327696
PAPI_L2_TCM = 198797744
PAPI_L3_TCM = 32382489
PAPI_TOT_INS = 13688286718
MFLOP/s = 2.18487e+08
Time (seconds) = 8.82975
