OpenMP Line Matrix Multiplication
PAPI_L1_DCM = 732972063
PAPI_L1_ICM = 99994
PAPI_L1_TCM = 733072057
PAPI_L2_TCM = 215588097
PAPI_L3_TCM = 35275230
PAPI_TOT_INS = 13687155998
MFLOP/s = 2.48326e+08
Time (seconds) = 7.57446
