OpenMP Line Matrix Multiplication
PAPI_L1_DCM = 1421979
PAPI_L1_ICM = 2031
PAPI_L1_TCM = 1424010
PAPI_L2_TCM = 80264
PAPI_L3_TCM = 2293
PAPI_TOT_INS = 71806149
MFLOP/s = 7.50317e+09
Time (seconds) = 0.050238
