OpenMP Line Matrix Multiplication
PAPI_L1_DCM = 1503501
PAPI_L1_ICM = 2454
PAPI_L1_TCM = 1505955
PAPI_L2_TCM = 120477
PAPI_L3_TCM = 2753
PAPI_TOT_INS = 68575794
MFLOP/s = 8.54745e+09
Time (seconds) = 0.034794
