OpenMP Line Matrix Multiplication
PAPI_L1_DCM = 1861858
PAPI_L1_ICM = 2130
PAPI_L1_TCM = 1863988
PAPI_L2_TCM = 148475
PAPI_L3_TCM = 4664
PAPI_TOT_INS = 68322710
MFLOP/s = 8.36272e+09
Time (seconds) = 0.036351
