Line Matrix Multiplication
PAPI_L1_DCM = 62999555
PAPI_L1_ICM = 26216
PAPI_L1_TCM = 63025771
PAPI_L2_TCM = 24951517
PAPI_L3_TCM = 6601581
PAPI_TOT_INS = 2076503579
MFLOP/s = 2.79766e+09
Time (seconds) = 0.75353
