Line Matrix Multiplication
PAPI_L1_DCM = 63143805
PAPI_L1_ICM = 30631
PAPI_L1_TCM = 63174436
PAPI_L2_TCM = 25045768
PAPI_L3_TCM = 6327521
PAPI_TOT_INS = 2076503568
MFLOP/s = 2.81357e+09
Time (seconds) = 0.746847
