Line Matrix Multiplication
PAPI_L1_DCM = 63047823
PAPI_L1_ICM = 30649
PAPI_L1_TCM = 63078472
PAPI_L2_TCM = 22193753
PAPI_L3_TCM = 5417106
PAPI_TOT_INS = 2076503592
MFLOP/s = 2.46522e+09
Time (seconds) = 0.850733
