Line Matrix Multiplication
PAPI_L1_DCM = 214181769
PAPI_L1_ICM = 102754
PAPI_L1_TCM = 214284523
PAPI_L2_TCM = 92183581
PAPI_L3_TCM = 24374122
PAPI_TOT_INS = 6922075613
MFLOP/s = 1.26694e+09
Time (seconds) = 2.48469
