Line Matrix Multiplication
PAPI_L1_DCM = 514577271
PAPI_L1_ICM = 237749
PAPI_L1_TCM = 514815020
PAPI_L2_TCM = 212621739
PAPI_L3_TCM = 53454046
PAPI_TOT_INS = 16305867527
MFLOP/s = 6.70558e+08
Time (seconds) = 6.26987
