Line Matrix Multiplication
PAPI_L1_DCM = 512990479
PAPI_L1_ICM = 206978
PAPI_L1_TCM = 513197457
PAPI_L2_TCM = 208124642
PAPI_L3_TCM = 53387244
PAPI_TOT_INS = 16305867470
MFLOP/s = 6.44715e+08
Time (seconds) = 6.52525
