Line Matrix Multiplication
PAPI_L1_DCM = 513279703
PAPI_L1_ICM = 218034
PAPI_L1_TCM = 513497737
PAPI_L2_TCM = 210544283
PAPI_L3_TCM = 53521979
PAPI_TOT_INS = 16305867797
MFLOP/s = 6.60454e+08
Time (seconds) = 6.36119
