Line Matrix Multiplication
PAPI_L1_DCM = 7848729
PAPI_L1_ICM = 2562
PAPI_L1_TCM = 7851291
PAPI_L2_TCM = 887156
PAPI_L3_TCM = 22323
PAPI_TOT_INS = 269151055
MFLOP/s = 1.64922e+10
Time (seconds) = 0.063663
