Line Matrix Multiplication
PAPI_L1_DCM = 7866747
PAPI_L1_ICM = 6412
PAPI_L1_TCM = 7873159
PAPI_L2_TCM = 1134689
PAPI_L3_TCM = 86562
PAPI_TOT_INS = 269151052
MFLOP/s = 1.39514e+10
Time (seconds) = 0.075399
