Line Matrix Multiplication
PAPI_L1_DCM = 7848594
PAPI_L1_ICM = 2877
PAPI_L1_TCM = 7851471
PAPI_L2_TCM = 785848
PAPI_L3_TCM = 41652
PAPI_TOT_INS = 269151062
MFLOP/s = 1.33971e+10
Time (seconds) = 0.081318
