OpenMP Line Matrix Multiplication
PAPI_L1_DCM = 6388735
PAPI_L1_ICM = 3120
PAPI_L1_TCM = 6391855
PAPI_L2_TCM = 1595063
PAPI_L3_TCM = 203015
PAPI_TOT_INS = 260512175
MFLOP/s = 2.33468e+09
Time (seconds) = 0.273882
