OpenMP Line Matrix Multiplication
PAPI_L1_DCM = 5093661
PAPI_L1_ICM = 3068
PAPI_L1_TCM = 5096729
PAPI_L2_TCM = 1266145
PAPI_L3_TCM = 190173
PAPI_TOT_INS = 260512186
MFLOP/s = 2.32045e+09
Time (seconds) = 0.264704
