OpenMP Line Matrix Multiplication
PAPI_L1_DCM = 6898798
PAPI_L1_ICM = 2543
PAPI_L1_TCM = 6901341
PAPI_L2_TCM = 2427846
PAPI_L3_TCM = 385441
PAPI_TOT_INS = 260512164
MFLOP/s = 2.43604e+09
Time (seconds) = 0.234138
