OpenMP Line Matrix Multiplication
PAPI_L1_DCM = 23895463
PAPI_L1_ICM = 6337
PAPI_L1_TCM = 23901800
PAPI_L2_TCM = 10362304
PAPI_L3_TCM = 1808080
PAPI_TOT_INS = 869635331
MFLOP/s = 1.14375e+09
Time (seconds) = 0.843731
