OpenMP Line Matrix Multiplication
PAPI_L1_DCM = 26133775
PAPI_L1_ICM = 8601
PAPI_L1_TCM = 26142376
PAPI_L2_TCM = 13530988
PAPI_L3_TCM = 2284425
PAPI_TOT_INS = 869636022
MFLOP/s = 1.38006e+09
Time (seconds) = 0.605078
