OpenMP Line Matrix Multiplication
PAPI_L1_DCM = 24411451
PAPI_L1_ICM = 6839
PAPI_L1_TCM = 24418290
PAPI_L2_TCM = 10374131
PAPI_L3_TCM = 1811523
PAPI_TOT_INS = 869636040
MFLOP/s = 1.13935e+09
Time (seconds) = 0.80266
