OpenMP Line Matrix Multiplication
PAPI_L1_DCM = 66007577
PAPI_L1_ICM = 20817
PAPI_L1_TCM = 66028394
PAPI_L2_TCM = 24419073
PAPI_L3_TCM = 4763153
PAPI_TOT_INS = 2041859301
MFLOP/s = 5.93587e+08
Time (seconds) = 2.18685
