OpenMP Line Matrix Multiplication
PAPI_L1_DCM = 68701772
PAPI_L1_ICM = 19568
PAPI_L1_TCM = 68721340
PAPI_L2_TCM = 25572986
PAPI_L3_TCM = 4501439
PAPI_TOT_INS = 2041859231
MFLOP/s = 5.46163e+08
Time (seconds) = 2.29407
