OpenMP Line Matrix Multiplication
PAPI_L1_DCM = 68040820
PAPI_L1_ICM = 20440
PAPI_L1_TCM = 68061260
PAPI_L2_TCM = 22225419
PAPI_L3_TCM = 4107817
PAPI_TOT_INS = 2041859452
MFLOP/s = 4.11834e+08
Time (seconds) = 3.23239
