OpenMP Line Matrix Multiplication
PAPI_L1_DCM = 219517911
PAPI_L1_ICM = 36340
PAPI_L1_TCM = 219554251
PAPI_L2_TCM = 75154149
PAPI_L3_TCM = 14740412
PAPI_TOT_INS = 3977961708
MFLOP/s = 4.08113e+08
Time (seconds) = 3.27373
