OpenMP Line Matrix Multiplication
PAPI_L1_DCM = 209774835
PAPI_L1_ICM = 33243
PAPI_L1_TCM = 209808078
PAPI_L2_TCM = 71227323
PAPI_L3_TCM = 13695341
PAPI_TOT_INS = 3977961005
MFLOP/s = 4.07149e+08
Time (seconds) = 3.31283
