OpenMP Line Matrix Multiplication
PAPI_L1_DCM = 394951843
PAPI_L1_ICM = 49382
PAPI_L1_TCM = 395001225
PAPI_L2_TCM = 117801473
PAPI_L3_TCM = 18267849
PAPI_TOT_INS = 6844083770
MFLOP/s = 2.44938e+08
Time (seconds) = 7.51125
