OpenMP Line Matrix Multiplication
PAPI_L1_DCM = 968156
PAPI_L1_ICM = 2238
PAPI_L1_TCM = 970394
PAPI_L2_TCM = 88596
PAPI_L3_TCM = 1830
PAPI_TOT_INS = 34187608
MFLOP/s = 1.01521e+10
Time (seconds) = 0.028976
