OpenMP Line Matrix Multiplication
PAPI_L1_DCM = 991488
PAPI_L1_ICM = 2172
PAPI_L1_TCM = 993660
PAPI_L2_TCM = 69656
PAPI_L3_TCM = 1963
PAPI_TOT_INS = 34187610
MFLOP/s = 1.01366e+10
Time (seconds) = 0.031928
