OpenMP Line Matrix Multiplication
PAPI_L1_DCM = 992298
PAPI_L1_ICM = 2173
PAPI_L1_TCM = 994471
PAPI_L2_TCM = 80389
PAPI_L3_TCM = 2117
PAPI_TOT_INS = 34186901
MFLOP/s = 1.02368e+10
Time (seconds) = 0.028606
