OpenMP Line Matrix Multiplication
PAPI_L1_DCM = 31439806
PAPI_L1_ICM = 6261
PAPI_L1_TCM = 31446067
PAPI_L2_TCM = 13902093
PAPI_L3_TCM = 2677055
PAPI_TOT_INS = 1042661615
MFLOP/s = 3.86664e+09
Time (seconds) = 0.293749
