OpenMP Line Matrix Multiplication
PAPI_L1_DCM = 31429747
PAPI_L1_ICM = 5134
PAPI_L1_TCM = 31434881
PAPI_L2_TCM = 14878053
PAPI_L3_TCM = 1989803
PAPI_TOT_INS = 1040563063
MFLOP/s = 4.53888e+09
Time (seconds) = 0.23237
