OpenMP Line Matrix Multiplication
PAPI_L1_DCM = 97198864
PAPI_L1_ICM = 15779
PAPI_L1_TCM = 97214643
PAPI_L2_TCM = 48480172
PAPI_L3_TCM = 12918654
PAPI_TOT_INS = 3468221616
MFLOP/s = 1.46713e+09
Time (seconds) = 1.12387
