OpenMP Line Matrix Multiplication
PAPI_L1_DCM = 99202535
PAPI_L1_ICM = 15984
PAPI_L1_TCM = 99218519
PAPI_L2_TCM = 51074612
PAPI_L3_TCM = 12939286
PAPI_TOT_INS = 3468227500
MFLOP/s = 1.50465e+09
Time (seconds) = 1.08511
