OpenMP Line Matrix Multiplication
PAPI_L1_DCM = 106251745
PAPI_L1_ICM = 17788
PAPI_L1_TCM = 106269533
PAPI_L2_TCM = 47108963
PAPI_L3_TCM = 10765656
PAPI_TOT_INS = 3466129548
MFLOP/s = 1.56183e+09
Time (seconds) = 1.13479
