OpenMP Line Matrix Multiplication
PAPI_L1_DCM = 226573654
PAPI_L1_ICM = 43435
PAPI_L1_TCM = 226617089
PAPI_L2_TCM = 107111233
PAPI_L3_TCM = 26570658
PAPI_TOT_INS = 8164005053
MFLOP/s = 7.30205e+08
Time (seconds) = 2.91361
