OpenMP Line Matrix Multiplication
PAPI_L1_DCM = 259347562
PAPI_L1_ICM = 45306
PAPI_L1_TCM = 259392868
PAPI_L2_TCM = 114126169
PAPI_L3_TCM = 25160823
PAPI_TOT_INS = 8161909884
MFLOP/s = 7.93561e+08
Time (seconds) = 2.78076
