OpenMP Line Matrix Multiplication
PAPI_L1_DCM = 567007674
PAPI_L1_ICM = 82151
PAPI_L1_TCM = 567089825
PAPI_L2_TCM = 254423967
PAPI_L3_TCM = 65142911
PAPI_TOT_INS = 15877916090
MFLOP/s = 5.10868e+08
Time (seconds) = 5.25872
