OpenMP Line Matrix Multiplication
PAPI_L1_DCM = 542384621
PAPI_L1_ICM = 80360
PAPI_L1_TCM = 542464981
PAPI_L2_TCM = 261549118
PAPI_L3_TCM = 69268910
PAPI_TOT_INS = 15877916958
MFLOP/s = 5.56705e+08
Time (seconds) = 4.85373
