OpenMP Line Matrix Multiplication
PAPI_L1_DCM = 502055508
PAPI_L1_ICM = 79415
PAPI_L1_TCM = 502134923
PAPI_L2_TCM = 250858595
PAPI_L3_TCM = 69718338
PAPI_TOT_INS = 15879984469
MFLOP/s = 5.28091e+08
Time (seconds) = 4.98719
