OpenMP Line Matrix Multiplication
PAPI_L1_DCM = 1000502938
PAPI_L1_ICM = 137911
PAPI_L1_TCM = 1000640849
PAPI_L2_TCM = 428036071
PAPI_L3_TCM = 113482875
PAPI_TOT_INS = 27364146564
MFLOP/s = 3.55754e+08
Time (seconds) = 8.88672
