OpenMP Line Matrix Multiplication
PAPI_L1_DCM = 947139466
PAPI_L1_ICM = 138100
PAPI_L1_TCM = 947277566
PAPI_L2_TCM = 477927332
PAPI_L3_TCM = 140501584
PAPI_TOT_INS = 27366220442
MFLOP/s = 3.74349e+08
Time (seconds) = 8.75914
