OpenMP Line Matrix Multiplication
PAPI_L1_DCM = 947950566
PAPI_L1_ICM = 141126
PAPI_L1_TCM = 948091692
PAPI_L2_TCM = 479879646
PAPI_L3_TCM = 140962790
PAPI_TOT_INS = 27364121716
MFLOP/s = 4.07107e+08
Time (seconds) = 7.81678
