OpenMP Line Matrix Multiplication
PAPI_L1_DCM = 3919038
PAPI_L1_ICM = 1668
PAPI_L1_TCM = 3920706
PAPI_L2_TCM = 388019
PAPI_L3_TCM = 3980
PAPI_TOT_INS = 135282213
MFLOP/s = 2.50982e+10
Time (seconds) = 0.021939
