OpenMP Line Matrix Multiplication
PAPI_L1_DCM = 3919789
PAPI_L1_ICM = 1817
PAPI_L1_TCM = 3921606
PAPI_L2_TCM = 395135
PAPI_L3_TCM = 4907
PAPI_TOT_INS = 135274387
MFLOP/s = 2.52231e+10
Time (seconds) = 0.022155
