OpenMP Line Matrix Multiplication
PAPI_L1_DCM = 3923097
PAPI_L1_ICM = 2093
PAPI_L1_TCM = 3925190
PAPI_L2_TCM = 464556
PAPI_L3_TCM = 8582
PAPI_TOT_INS = 135207088
MFLOP/s = 2.35619e+10
Time (seconds) = 0.023794
