Basic Matrix Multiplication
PAPI_L1_DCM = 1191721415
PAPI_L1_ICM = 16703
PAPI_L1_TCM = 1191738118
PAPI_L2_TCM = 63673475
PAPI_L3_TCM = 51902128
PAPI_TOT_INS = 8016500901
MFLOP/s = 2.64026e+08
Time (seconds) = 7.94552
