Basic Matrix Multiplication
PAPI_L1_DCM = 1191643852
PAPI_L1_ICM = 42912
PAPI_L1_TCM = 1191686764
PAPI_L2_TCM = 71832081
PAPI_L3_TCM = 54198450
PAPI_TOT_INS = 8016500916
MFLOP/s = 2.12292e+08
Time (seconds) = 9.87996
