Basic Matrix Multiplication
PAPI_L1_DCM = 53768373
PAPI_L1_ICM = 1046
PAPI_L1_TCM = 53769419
PAPI_L2_TCM = 7865743
PAPI_L3_TCM = 30324
PAPI_TOT_INS = 1004148571
MFLOP/s = 6.58236e+09
Time (seconds) = 0.159272
