Basic Matrix Multiplication
PAPI_L1_DCM = 53870430
PAPI_L1_ICM = 991
PAPI_L1_TCM = 53871421
PAPI_L2_TCM = 7863640
PAPI_L3_TCM = 67537
PAPI_TOT_INS = 1004148568
MFLOP/s = 6.43697e+09
Time (seconds) = 0.162872
