Basic Matrix Multiplication
PAPI_L1_DCM = 56589412
PAPI_L1_ICM = 1259
PAPI_L1_TCM = 56590671
PAPI_L2_TCM = 7872421
PAPI_L3_TCM = 79314
PAPI_TOT_INS = 1004148577
MFLOP/s = 5.52371e+09
Time (seconds) = 0.189768
