OpenMP Basic Matrix Multiplication
PAPI_L1_DCM = 71215040
PAPI_L1_ICM = 8700
PAPI_L1_TCM = 71223740
PAPI_L2_TCM = 7988304
PAPI_L3_TCM = 1632879
PAPI_TOT_INS = 1004656929
MFLOP/s = 2.85921e+09
Time (seconds) = 0.366648
