OpenMP Basic Matrix Multiplication
PAPI_L1_DCM = 77171827
PAPI_L1_ICM = 11850
PAPI_L1_TCM = 77183677
PAPI_L2_TCM = 8028274
PAPI_L3_TCM = 1472870
PAPI_TOT_INS = 1004656935
MFLOP/s = 2.68054e+09
Time (seconds) = 0.391087
