OpenMP Basic Matrix Multiplication
PAPI_L1_DCM = 64418339
PAPI_L1_ICM = 5755
PAPI_L1_TCM = 64424094
PAPI_L2_TCM = 7927222
PAPI_L3_TCM = 1340096
PAPI_TOT_INS = 1004656921
MFLOP/s = 2.88771e+09
Time (seconds) = 0.363041
