OpenMP Line Matrix Multiplication
PAPI_L1_DCM = 62858035
PAPI_L1_ICM = 10339
PAPI_L1_TCM = 62868374
PAPI_L2_TCM = 30043829
PAPI_L3_TCM = 9453328
PAPI_TOT_INS = 2080512822
MFLOP/s = 4.59176e+09
Time (seconds) = 0.45662
