OpenMP Line Matrix Multiplication
PAPI_L1_DCM = 62853463
PAPI_L1_ICM = 10453
PAPI_L1_TCM = 62863916
PAPI_L2_TCM = 30226621
PAPI_L3_TCM = 9510009
PAPI_TOT_INS = 2080512825
MFLOP/s = 4.56154e+09
Time (seconds) = 0.459669
