OpenMP Line Matrix Multiplication
PAPI_L1_DCM = 62855960
PAPI_L1_ICM = 10826
PAPI_L1_TCM = 62866786
PAPI_L2_TCM = 27529063
PAPI_L3_TCM = 7845260
PAPI_TOT_INS = 2080512833
MFLOP/s = 4.30325e+09
Time (seconds) = 0.487234
