OpenMP Line Matrix Multiplication
PAPI_L1_DCM = 212181043
PAPI_L1_ICM = 23629
PAPI_L1_TCM = 212204672
PAPI_L2_TCM = 119296274
PAPI_L3_TCM = 41734764
PAPI_TOT_INS = 6931085295
MFLOP/s = 2.02918e+09
Time (seconds) = 1.55056
