OpenMP Line Matrix Multiplication
PAPI_L1_DCM = 212199191
PAPI_L1_ICM = 28410
PAPI_L1_TCM = 212227601
PAPI_L2_TCM = 122336757
PAPI_L3_TCM = 44184851
PAPI_TOT_INS = 6931085224
MFLOP/s = 2.06159e+09
Time (seconds) = 1.52617
