OpenMP Line Matrix Multiplication
PAPI_L1_DCM = 212197064
PAPI_L1_ICM = 30591
PAPI_L1_TCM = 212227655
PAPI_L2_TCM = 114665880
PAPI_L3_TCM = 37965203
PAPI_TOT_INS = 6931085251
MFLOP/s = 1.83103e+09
Time (seconds) = 1.71797
