OpenMP Line Matrix Multiplication
PAPI_L1_DCM = 503835999
PAPI_L1_ICM = 66988
PAPI_L1_TCM = 503902987
PAPI_L2_TCM = 294527659
PAPI_L3_TCM = 110078150
PAPI_TOT_INS = 16321877062
MFLOP/s = 1.17994e+09
Time (seconds) = 3.55467
