OpenMP Line Matrix Multiplication
PAPI_L1_DCM = 985317352
PAPI_L1_ICM = 113335
PAPI_L1_TCM = 985430687
PAPI_L2_TCM = 547993864
PAPI_L3_TCM = 188673421
PAPI_TOT_INS = 31752888701
MFLOP/s = 7.20786e+08
Time (seconds) = 7.27428
