OpenMP Line Matrix Multiplication
PAPI_L1_DCM = 989026470
PAPI_L1_ICM = 121532
PAPI_L1_TCM = 989148002
PAPI_L2_TCM = 503273941
PAPI_L3_TCM = 159219280
PAPI_TOT_INS = 31752888971
MFLOP/s = 6.24325e+08
Time (seconds) = 8.39803
