OpenMP Line Matrix Multiplication
PAPI_L1_DCM = 7838616
PAPI_L1_ICM = 1788
PAPI_L1_TCM = 7840404
PAPI_L2_TCM = 813399
PAPI_L3_TCM = 13800
PAPI_TOT_INS = 270159861
MFLOP/s = 2.07808e+10
Time (seconds) = 0.050347
