OpenMP Line Matrix Multiplication
PAPI_L1_DCM = 7836430
PAPI_L1_ICM = 1470
PAPI_L1_TCM = 7837900
PAPI_L2_TCM = 777213
PAPI_L3_TCM = 9418
PAPI_TOT_INS = 270159860
MFLOP/s = 2.12542e+10
Time (seconds) = 0.049233
