OpenMP Basic Matrix Multiplication
PAPI_L1_DCM = 594719606
PAPI_L1_ICM = 18577
PAPI_L1_TCM = 594738183
PAPI_L2_TCM = 35570891
PAPI_L3_TCM = 18489922
PAPI_TOT_INS = 4009549960
MFLOP/s = 2.31721e+08
Time (seconds) = 4.53647
