OpenMP Basic Matrix Multiplication
PAPI_L1_DCM = 590617513
PAPI_L1_ICM = 16609
PAPI_L1_TCM = 590634122
PAPI_L2_TCM = 34814638
PAPI_L3_TCM = 16379411
PAPI_TOT_INS = 4009568224
MFLOP/s = 1.90313e+08
Time (seconds) = 5.52966
