OpenMP Basic Matrix Multiplication
PAPI_L1_DCM = 28464535
PAPI_L1_ICM = 2116
PAPI_L1_TCM = 28466651
PAPI_L2_TCM = 3934132
PAPI_L3_TCM = 23125
PAPI_TOT_INS = 502427956
MFLOP/s = 6.11582e+09
Time (seconds) = 0.087658
