OpenMP Basic Matrix Multiplication
PAPI_L1_DCM = 28465415
PAPI_L1_ICM = 2027
PAPI_L1_TCM = 28467442
PAPI_L2_TCM = 3934941
PAPI_L3_TCM = 23273
PAPI_TOT_INS = 502655111
MFLOP/s = 5.86714e+09
Time (seconds) = 0.090402
