OpenMP Basic Matrix Multiplication
PAPI_L1_DCM = 29388291
PAPI_L1_ICM = 2579
PAPI_L1_TCM = 29390870
PAPI_L2_TCM = 3940418
PAPI_L3_TCM = 70722
PAPI_TOT_INS = 503519180
MFLOP/s = 5.70523e+09
Time (seconds) = 0.092587
