OpenMP Basic Matrix Multiplication
PAPI_L1_DCM = 145605255
PAPI_L1_ICM = 4520
PAPI_L1_TCM = 145609775
PAPI_L2_TCM = 13039407
PAPI_L3_TCM = 3679592
PAPI_TOT_INS = 1002762027
MFLOP/s = 1.26397e+08
Time (seconds) = 4.88485
