OpenMP Basic Matrix Multiplication
PAPI_L1_DCM = 14265468
PAPI_L1_ICM = 3010
PAPI_L1_TCM = 14268478
PAPI_L2_TCM = 884694
PAPI_L3_TCM = 19185
PAPI_TOT_INS = 126733525
MFLOP/s = 2.66283e+09
Time (seconds) = 0.109417
