OpenMP Basic Matrix Multiplication
PAPI_L1_DCM = 14972571
PAPI_L1_ICM = 2308
PAPI_L1_TCM = 14974879
PAPI_L2_TCM = 889887
PAPI_L3_TCM = 4168
PAPI_TOT_INS = 126734229
MFLOP/s = 2.65766e+09
Time (seconds) = 0.104902
