OpenMP Basic Matrix Multiplication
PAPI_L1_DCM = 13566626
PAPI_L1_ICM = 2685
PAPI_L1_TCM = 13569311
PAPI_L2_TCM = 873326
PAPI_L3_TCM = 9235
PAPI_TOT_INS = 126734236
MFLOP/s = 2.64975e+09
Time (seconds) = 0.107422
